['o', array([[255, 255, 255, 255, 255, 255,   2,   0,   0,   0,   0,   0,   0,
          2, 255, 255, 255, 255, 255, 255],
       [255, 255, 255, 255,   0,   0,   0,   0,   0,   0,   0,   0,   0,
          0,   0,   0, 255, 255, 255, 255],
       [255, 255, 255,   0,   0,   0,   0,   0,   0,   0,   0,   0,   0,
          0,   0,   0,   0, 255, 255, 255],
       [255, 255,   0,   0,   0,   0,   3, 255, 255, 255, 255, 255, 255,
          0,   0,   0,   0,   0, 255, 255],
       [255,   0,   0,   0,   0,   2, 255, 255, 255, 255, 255, 255, 255,
        255,   3,   0,   0,   0,   0, 255],
       [255,   0,   0,   0,   0, 255, 255, 255, 255, 255, 255, 255, 255,
        255, 255,   0,   0,   0,   0, 255],
       [  3,   0,   0,   0, 255, 255, 255, 255, 255, 255, 255, 255, 255,
        255, 255, 255,   0,   0,   0,   1],
       [  0,   0,   0,   0, 255, 255, 255, 255, 255, 255, 255, 255, 255,
        255, 255, 255,   0,   0,   0,   0],
       [  0,   0,   0,   0, 255, 255, 255, 255, 255, 255, 255, 255, 255,
        255, 255, 255,   0,   0,   0,   0],
       [  0,   0,   0,   0, 255, 255, 255, 255, 255, 255, 255, 255, 255,
        255, 255, 255,   0,   0,   0,   0],
       [  0,   0,   0,   0, 255, 255, 255, 255, 255, 255, 255, 255, 255,
        255, 255, 255,   0,   0,   0,   0],
       [  0,   0,   0,   0, 255, 255, 255, 255, 255, 255, 255, 255, 255,
        255, 255, 255,   0,   0,   0,   0],
       [  0,   0,   0,   0, 255, 255, 255, 255, 255, 255, 255, 255, 255,
        255, 255, 255,   0,   0,   0,   0],
       [  0,   0,   0,   0, 255, 255, 255, 255, 255, 255, 255, 255, 255,
        255, 255, 255,   0,   0,   0,   1],
       [255,   0,   0,   0,   0, 255, 255, 255, 255, 255, 255, 255, 255,
        255, 255,   0,   0,   0,   0, 255],
       [255,   0,   0,   0,   0,   3, 255, 255, 255, 255, 255, 255, 255,
        255,   4,   0,   0,   0,   0, 255],
       [255, 255,   0,   0,   0,   0,   0, 255, 255, 255, 255, 255, 255,
          0,   0,   0,   0,   0, 255, 255],
       [255, 255, 255,   0,   0,   0,   0,   0,   0,   0,   0,   0,   0,
          0,   0,   0,   0, 255, 255, 255],
       [255, 255, 255, 255,   0,   0,   0,   0,   0,   0,   0,   0,   0,
          0,   0,   0, 255, 255, 255, 255],
       [255, 255, 255, 255, 255, 255,   1,   0,   0,   0,   0,   0,   0,
          5, 255, 255, 255, 255, 255, 255]], dtype=uint8), array([1., 0., 0., 0.])]
['o', array([[255, 255, 255, 255, 255, 255,  57,  58,  56,  56,  57,  58,  50,
         49, 252, 255, 255, 255, 255, 255],
       [255, 255, 255, 250,  58,  68,  96, 128, 102,  97,  95,  99, 119,
         77,  63,  45, 250, 255, 255, 255],
       [255, 255, 252,  68, 141,  88,  97,  96,  96,  97,  96,  97,  95,
         96,  97,  81,  48, 249, 255, 255],
       [255, 252,  68, 171,  94,  98,  94,  95,  96,  95,  95,  95,  97,
         95,  95,  96,  93,  50, 253, 255],
       [255,  54, 120,  97,  97,  98,  96,  93,  48,  41,  44,  55,  97,
         95,  95,  96,  97,  69,  43, 255],
       [254,  67,  99,  94,  96,  97,  83,  34,  22, 252, 251,  29,  46,
         88,  95,  97,  92,  96,  50, 252],
       [ 49,  81,  95,  93,  97,  96,  40, 157, 255, 255, 255, 255, 195,
         57,  94,  93,  95,  94,  63,  34],
       [ 49, 120,  95,  95,  95,  90,  34, 250, 255, 255, 255, 255, 255,
         52, 100,  96,  95,  97,  82,  34],
       [ 54, 100,  96,  95,  99,  68,  33, 255, 255, 255, 255, 255, 255,
         45,  98,  94,  95,  95,  91,  38],
       [ 52,  97,  95,  94,  96,  61,  31, 255, 255, 255, 255, 255, 255,
         45,  83,  95,  96,  97,  96,  37],
       [ 52,  97,  95,  95,  95,  62,  32, 255, 255, 255, 255, 255, 255,
         47,  86,  93,  94,  97,  95,  37],
       [ 51, 101,  95,  95,  95,  70,  36, 255, 255, 255, 255, 255, 255,
         48, 114,  94,  93,  95,  90,  36],
       [ 50, 101,  94,  97,  97,  92,  41, 255, 255, 255, 255, 255, 255,
         57, 107,  94,  96,  97,  78,  29],
       [ 47,  68,  95,  94,  95,  95,  52, 237, 255, 255, 255, 255, 241,
         69,  94,  98,  93,  95,  58,  34],
       [255,  56,  96,  96,  98,  96,  92,  51,  59, 251, 254,  78,  66,
        154,  97,  97,  97,  96,  39, 253],
       [255,  39,  65,  96,  95,  95,  94,  98,  69,  63,  67,  76, 109,
         91,  94,  97,  98,  60,  33, 255],
       [255, 252,  49,  73,  97,  97,  95,  94,  95,  98,  97,  95,  97,
         97,  97,  93,  74,  30, 254, 255],
       [255, 255, 251,  44,  66,  95,  95,  96,  97,  96,  96,  94,  95,
         97,  95,  62,  34, 251, 255, 255],
       [255, 255, 255, 247,  34,  45,  56,  77,  90,  95,  92,  90,  79,
         55,  36,  27, 251, 255, 255, 255],
       [255, 255, 255, 255, 255, 253,  29,  29,  34,  32,  32,  33,  32,
         24, 251, 255, 255, 255, 255, 255]], dtype=uint8), array([1., 0., 0., 0.])]
['o', array([[255, 255, 255, 255, 251, 146,  21,  26,  21,  23,  23,  28,  21,
         61, 228, 252, 255, 255, 255, 255],
       [255, 255, 255,  62,  27,  17,  20,  20,  21,  22,  22,  23,  22,
         27,  21,  24, 241, 255, 255, 255],
       [255, 255,  22,  20,  20,  19,  21, 251, 255, 253, 254, 251, 248,
         22,  24,  22,  23, 116, 255, 255],
       [255,  82,  20,  19,  19,  17, 252, 255, 255, 255, 255, 255, 255,
        253,  24,  24,  23,  24, 231, 255],
       [255,  22,  19,  18,  19,  45, 253, 255, 255, 255, 255, 255, 255,
        255, 149,  19,  23,  24,  26, 249],
       [233,  19,  19,  18,  20, 254, 255, 255, 255, 255, 255, 255, 255,
        255, 253,  22,  23,  23,  24, 244],
       [ 12,  19,  18,  19,  21, 254, 255, 255, 255, 255, 255, 255, 255,
        255, 255,  26,  22,  22,  24,  31],
       [ 23,  19,  18,  17,  16, 254, 255, 255, 255, 255, 255, 255, 255,
        255, 255,  21,  22,  24,  24,  27],
       [ 18,  19,  19,  18,  20, 254, 255, 255, 255, 255, 255, 255, 255,
        255, 254,  23,  23,  23,  23,  27],
       [ 25,  18,  18,  18,  17, 253, 255, 255, 255, 255, 255, 255, 255,
        255, 254,  23,  23,  21,  22,  28],
       [ 23,  19,  19,  19,  20, 254, 255, 255, 255, 255, 255, 255, 255,
        255, 254,  24,  22,  22,  22,  25],
       [ 19,  19,  19,  20,  21, 255, 255, 255, 255, 255, 255, 255, 255,
        255, 254,  23,  22,  22,  22,  24],
       [ 25,  20,  19,  20,  23, 255, 255, 255, 255, 255, 255, 255, 255,
        255, 255,  24,  21,  21,  22,  26],
       [  6,  20,  19,  20,  18, 255, 255, 255, 255, 255, 255, 255, 255,
        255, 255,  21,  21,  21,  22,  22],
       [226,  20,  19,  19,  17, 246, 254, 255, 255, 255, 255, 255, 255,
        254, 247,  24,  22,  22,  22,   3],
       [255,  13,  19,  19,  22, 107, 254, 255, 255, 255, 255, 255, 255,
        254, 118,  20,  22,  22,  19, 245],
       [255,  11,  20,  19,  20,  18, 254, 252, 255, 255, 255, 255, 251,
        248,  19,  22,  21,  22,  20, 255],
       [255, 253,  16,  19,  20,  22, 102, 252, 253, 254, 255, 254, 252,
        109,  22,  22,  22,  29, 249, 255],
       [255, 255, 253,  18,  18,  19,  23,  18, 112, 112, 112, 114,  14,
         27,  21,  21,  22, 237, 255, 255],
       [255, 255, 254, 250, 227,  21,  19,  20,  18,  21,  20,  20,  21,
         21,  21,  32, 255, 254, 255, 255]], dtype=uint8), array([1., 0., 0., 0.])]
['k', array([[254, 254, 253, 254, 250, 251, 249, 249, 244, 255, 255, 253, 247,
        234, 196, 105,  95, 224, 250, 255],
       [130, 114, 146, 158, 146, 105, 105,  92, 104, 255, 253, 244, 223,
         83,  84,  50,  46,  50, 133, 252],
       [ 71,  52,  96, 144,  67,  47,  49,  49,  78, 253, 248, 217, 183,
         70,  57, 136,  51,  49,  90, 252],
       [ 76,  66,  69, 145,  56,  50,  49,  52, 101, 252, 228, 209,  77,
         55,  53,  49,  49,  49, 117, 248],
       [217, 202, 181,  88,  48,  51,  49, 100, 155, 239, 210, 110,  51,
         55, 122,  47,  49,  54, 105, 253],
       [245, 223, 195,  92,  51,  78,  50, 129, 234, 223, 211,  93,  59,
        111, 203, 116,  46, 119, 134, 255],
       [246, 220, 200, 133,  50,  61,  51,  66, 244, 206, 102, 140,  53,
        210, 190,  58, 158,  63, 247, 255],
       [241, 209, 201,  90,  53,  47,  50,  89, 246, 116,  93,  53, 118,
        235, 214, 211, 235, 248, 253, 255],
       [236, 200, 180,  45,  53,  50,  49,  99,  79,  56,  53, 146, 243,
        252, 249, 247, 249, 253, 255, 255],
       [230, 196,  90,  48,  90,  50,  51,  52,  52,  47,  91,  82, 200,
        253, 255, 255, 255, 255, 255, 255],
       [223, 195, 116,  52,  89,  49,  59, 110, 150, 131,  50,  49,  50,
        166, 255, 255, 255, 255, 255, 255],
       [215, 202, 121,  51,  53,  50,  93, 213, 185,  83,  50,  72,  49,
         91, 253, 255, 255, 253, 255, 255],
       [208, 201,  72,  50,  49,  51, 137, 229, 189, 111,  48,  55,  49,
         75, 227, 251, 240, 237,  88, 243],
       [201, 147,  50,  57,  48,  77, 119, 232, 192, 109,  49,  53,  49,
         68, 215, 238, 211,  98,  58, 102],
       [195,  96,  49, 112,  48, 123, 216, 226, 189, 101,  46,  53,  49,
         51, 167, 220, 213,  88,  52,  84],
       [196, 139,  50,  75,  48, 117, 241, 226, 189, 100,  46,  49,  49,
         49, 208, 232, 151,  52,  81, 252],
       [200, 120,  52,  48,  50,  96, 246, 227, 190, 152,  47,  50,  49,
         45,  61, 103,  49,  60, 158, 255],
       [200,  53,  48,  46,  56, 114, 252, 234, 196, 195, 105,  48,  50,
         49,  49,  49, 120,  67, 251, 255],
       [ 92,  51,  55,  57, 126, 142, 253, 243, 209, 191, 102,  46,  50,
         52,  52, 123,  63, 246, 254, 255],
       [104, 112, 104, 119, 117, 168, 255, 249, 233, 200, 192,  91, 117,
        197,  80, 170, 252, 254, 255, 255]], dtype=uint8), array([0., 1., 0., 0.])]
['k', array([[255, 255, 167,   2,   5, 254, 255, 255, 255, 255, 255, 255, 255,
        255, 255, 255, 255, 255, 255, 255],
       [255, 254,  46,   1,   0,   5, 255, 255, 255, 255, 255, 255, 255,
        255, 255, 255, 255, 255, 255, 255],
       [255, 158,   0,   0,   0,   1, 157, 255, 255, 255, 255, 255, 255,
        255, 255, 255, 255, 255, 255, 255],
       [ 38, 244, 131,   0,   0,   0, 127, 255, 255, 255, 255, 255, 255,
        255, 255, 255, 255, 255, 255, 255],
       [254, 255, 255,   0,   0,   0, 127, 255, 255, 255, 255, 255, 255,
        255, 255, 255, 255, 255, 255, 255],
       [255, 255, 255,   0,   0,   0, 127, 255, 255, 255, 255, 255, 255,
        254, 159,   1,  39, 255, 255, 255],
       [255, 255, 255,   0,   0,   0, 127, 255, 255, 255, 255, 255, 255,
        163,   1,  36, 255, 255, 255, 255],
       [255, 255, 255,   0,   0,   0, 127, 255, 255, 255, 255, 255, 150,
          2,  53, 255, 255, 255, 255, 255],
       [255, 255, 255,   0,   0,   0, 127, 255, 255, 255, 253, 146,   1,
         53, 255, 255, 255, 255, 255, 255],
       [255, 255, 255,   0,   0,   0, 127, 255, 255, 255, 146,   5,  62,
        255, 255, 255, 255, 255, 255, 255],
       [255, 255, 255,   0,   0,   0, 127, 255, 255, 132,   2,  65, 254,
        255, 255, 255, 255, 255, 255, 255],
       [255, 255, 255,   0,   0,   0, 127, 255, 130,   1,   4, 173, 252,
        255, 255, 255, 255, 255, 255, 255],
       [255, 255, 255,   0,   0,   0, 127, 124,   3,   0,   0,   0, 172,
        255, 255, 255, 255, 255, 255, 255],
       [255, 255, 255,   0,   0,   0,  20,   4, 102,  13,   0,   0,   0,
        157, 255, 255, 255, 255, 255, 255],
       [255, 255, 255,   0,   0,   0,   1, 127, 253, 255,   8,   1,   0,
          2, 148, 255, 255, 255, 255, 255],
       [255, 255, 255,   0,   0,   0, 110, 252, 255, 255, 255,  18,   0,
          0,   2, 146, 255, 255, 255, 255],
       [255, 255, 255,   0,   0,   0, 127, 255, 255, 255, 255, 255,  23,
          4,   0,   0, 121, 255, 255, 255],
       [255, 255, 255,   0,   0,   0, 127, 255, 255, 255, 255, 255, 255,
         33,   0,   0,   0, 125, 255, 255],
       [255, 255, 255,   0,   0,   0, 127, 255, 255, 255, 255, 255, 255,
        255,  36,   4,   0,   0, 111, 255],
       [255, 255, 253,   0,   0,   0, 129, 254, 255, 255, 255, 255, 255,
        255, 255,  42,   1,   0,   4, 108]], dtype=uint8), array([0., 1., 0., 0.])]
['k', array([[181,  19,  24,  27,  23, 250, 255, 255, 255, 255, 249, 220,  17,
         22,   5,  46, 251, 255, 255, 255],
       [ 23,  27,  30,  32,  24,  27, 255, 255, 255, 249,  18,  20,  22,
         24,  24,  12, 249, 255, 255, 255],
       [ 16,  24,  31,  30,  25,  14, 250, 253, 162,  17,  23,  22,  26,
         29,  21, 247, 255, 255, 255, 255],
       [ 17,  22,  28,  30,  28,  20, 252,  15,  23,  23,  22,  20,  17,
         10, 250, 255, 255, 255, 255, 255],
       [ 17,  21,  31,  28,  27,  23,  40,  20,  22,  21,  25,  54,  14,
        248, 255, 255, 255, 255, 255, 255],
       [ 15,  20,  29,  28,  25,  23,  43,  17,  18,  19, 221, 175, 254,
        255, 255, 255, 255, 255, 255, 255],
       [ 11,  23,  33,  26,  25,  23,  17,  12, 167, 226, 240, 255, 254,
        254, 252, 255, 255, 254, 255, 255],
       [ 16,  25,  29,  26,  23,  23,  22,  15, 235, 255, 255, 249, 254,
        255, 252, 252, 253, 251, 252, 255],
       [ 15,  19,  23,  23,  22,  23,  23,  21,  15, 194, 252, 255, 255,
        255, 255, 255, 255, 255, 255, 255],
       [ 17,  18,  24,  25,  23,  25,  25,  17,  21,  94, 233, 247, 255,
        255, 255, 255, 255, 255, 255, 255],
       [ 17,  19,  22,  26,  23,  24,  22,  27,  22, 203, 194,  83, 177,
        255, 255, 255, 255, 255, 255, 255],
       [ 15,  17,  21,  20,  23,  18,  20,  26,  10,  21,  12,  16,   5,
        175, 250, 254, 255, 255, 255, 255],
       [  8,  25,  27,  28,  22,  34, 246,  20,  17,  28,  15,  20, 172,
        183,  11, 250, 254, 255, 255, 255],
       [  7,  16,  21,  23,  20,  12, 255, 253,  12,  21,  63,  27,  20,
          4, 103,  10, 190, 254, 253, 255],
       [  8,  16,  20,  23,  23,  11, 248, 255, 255,  69,   6, 248,   5,
         16,  16, 192,  13,  21, 206, 253],
       [  3,  23,  20,  21,  20,  15, 237, 255, 255, 255, 252,   9,  47,
        202,  19,  44, 156, 117,  10, 161],
       [ 33,  90,  57,  19,  19,  12,  95, 255, 255, 255, 255, 250, 226,
        248, 233, 150,   9,   7,   9, 253],
       [159,  72, 163,  34,  22,  17,   7, 255, 255, 254, 249, 253, 247,
        255,   5, 200,  15, 254, 255, 255],
       [215, 168,  17,  19,  13,  17,  11, 255, 254, 252, 254, 250, 251,
        251, 252,  67, 252, 253, 253, 255],
       [239,  38, 202,  42,   1, 249, 248, 255, 255, 255, 255, 255, 255,
        255, 255, 255, 255, 255, 255, 255]], dtype=uint8), array([0., 1., 0., 0.])]
['k', array([[ 40,  40,  41,  36, 253, 254, 254, 253, 253, 254, 254, 253, 252,
        255,  81,  35,  43,  41,  41,  32],
       [ 40,  42,  43,  35, 253, 253, 253, 254, 254, 253, 254, 249, 178,
         40,  41,  41,  43,  43,  43,  38],
       [ 40,  42,  43,  35, 253, 254, 254, 254, 254, 254, 253, 245,  43,
         43,  40,  43, 198, 254, 252, 254],
       [ 40,  42,  43,  36, 253, 253, 253, 254, 254, 251, 252,  52,  43,
         43,  43, 253, 253, 254, 254, 254],
       [ 40,  42,  43,  35, 253, 254, 254, 253, 253, 251,  33,  43,  41,
         41, 252, 251, 254, 253, 253, 254],
       [ 40,  42,  43,  35, 253, 254, 254, 253, 253, 249,  41,  43,  41,
         92, 251, 252, 254, 253, 253, 254],
       [ 40,  42,  43,  36, 253, 254, 254, 254, 254,  40,  45,  43,  40,
        247, 254, 254, 254, 254, 254, 254],
       [ 40,  42,  43,  35, 253, 254, 254, 250,  39,  41,  41,  49, 241,
        252, 253, 253, 253, 254, 254, 254],
       [ 40,  42,  42,  40, 255, 252,  92,  55,  47,  44,  33, 247, 254,
        254, 254, 254, 254, 254, 254, 254],
       [ 40,  42,  43,  43,  43,  43,  43,  43,  43, 153, 254, 254, 253,
        253, 254, 254, 254, 254, 254, 254],
       [ 40,  42,  41,  37,  42,  42,  41,  41,  46,  44,  45, 251, 253,
        253, 254, 254, 253, 254, 254, 254],
       [ 40,  42,  41,  37, 254, 253, 253,  54,  30,  40,  43,  44, 253,
        253, 254, 254, 253, 254, 254, 254],
       [ 40,  42,  43,  35, 253, 254, 254, 251, 200,  40,  41,  41,  43,
        201, 254, 254, 254, 253, 253, 254],
       [ 40,  42,  43,  36, 253, 254, 254, 254, 254, 197,  44,  43,  47,
         41, 237, 254, 254, 254, 254, 254],
       [ 40,  42,  43,  35, 253, 254, 254, 254, 254, 253, 167,  43,  43,
         43,  41, 253, 255, 254, 254, 254],
       [ 40,  42,  43,  35, 253, 254, 254, 254, 254, 254, 252,  65,  41,
         41,  41,  41, 248, 254, 254, 254],
       [ 40,  42,  43,  36, 253, 253, 253, 253, 253, 254, 254, 253,  50,
         37,  43,  43,  42, 251, 248, 254],
       [ 40,  42,  43,  35, 253, 253, 253, 253, 253, 254, 253, 253, 251,
         34,  43,  43,  47,  44, 250, 254],
       [ 40,  42,  43,  35, 253, 254, 254, 254, 254, 254, 254, 254, 255,
        249,  36,  43,  43,  43,  39, 254],
       [ 39,  41,  42,  33, 253, 254, 254, 254, 254, 254, 254, 254, 254,
        254, 254,  46,  41,  41,  38,  46]], dtype=uint8), array([0., 1., 0., 0.])]
['k', array([[255,  10,  12,   1,   6, 253, 255, 255, 255, 255, 255, 255, 255,
        255, 255, 255, 255, 255, 255, 255],
       [  5,   0,   0,   0,   0,   0, 255, 255, 255, 255, 255, 255, 255,
        255,   4,   0,   0,   0,   0, 253],
       [  0,   0,   0,   0,   0,   0, 183, 255, 255, 255, 255, 255, 255,
          2,   0,   0,   0,   0,   0,   0],
       [  0,   0,   0,   0,   0,   0, 181, 255, 255, 255, 255, 255,   5,
          1,   0,   0,   0,   0,   0,   1],
       [  0,   0,   0,   0,   0,   0, 181, 255, 255, 255, 254,   0,   0,
          0,   0,   0,   0,   0,   1, 152],
       [  0,   0,   0,   0,   0,   0, 181, 255, 255, 254,   2,   0,   0,
          0,   0,   0,   0,   2, 215, 255],
       [  0,   0,   0,   0,   0,   0, 181, 255, 254,   0,   0,   0,   0,
          0,   0,   0,   1, 249, 255, 255],
       [  0,   0,   0,   0,   0,   0, 181, 249,   0,   0,   0,   0,   0,
          0,   0,   0, 255, 255, 255, 255],
       [  0,   0,   0,   0,   0,   0, 155,   2,   0,   0,   0,   0,   0,
          0,   0, 255, 255, 255, 255, 255],
       [  0,   0,   0,   0,   0,   0,   0,   0,   0,   0,   0,   0,   0,
          3, 254, 255, 255, 255, 255, 255],
       [  0,   0,   0,   0,   0,   0,   0,   0,   0,   0,   0,   0,   0,
          1, 255, 255, 255, 255, 255, 255],
       [  0,   0,   0,   0,   0,   0, 148,   0,   0,   0,   0,   0,   0,
          0,   0, 250, 255, 255, 255, 255],
       [  0,   0,   0,   0,   0,   0, 182, 253,   0,   0,   0,   0,   0,
          0,   0,   2, 254, 255, 255, 255],
       [  0,   0,   0,   0,   0,   0, 181, 255, 255,   1,   0,   0,   0,
          0,   0,   0,   1, 252, 255, 255],
       [  0,   0,   0,   0,   0,   0, 181, 255, 255, 251,   3,   0,   0,
          0,   0,   0,   0,   5, 214, 255],
       [  0,   0,   0,   0,   0,   0, 181, 255, 255, 255, 255,   0,   0,
          0,   0,   0,   0,   0,   4, 145],
       [  0,   0,   0,   0,   0,   0, 181, 255, 255, 255, 255, 255,  10,
          0,   0,   0,   0,   0,   0,   0],
       [  0,   0,   0,   0,   0,   0, 186, 255, 255, 255, 255, 255, 255,
          1,   0,   0,   0,   0,   0,   2],
       [  5,   3,   0,   0,   0,   1, 255, 255, 255, 255, 255, 255, 255,
        255,   4,   2,   0,   0,   4, 255],
       [255,   4,   6,   1,   3, 252, 255, 255, 255, 255, 255, 255, 255,
        255, 255, 255, 255, 255, 255, 255]], dtype=uint8), array([0., 1., 0., 0.])]
['k', array([[  0,   0,   0,   0, 151, 255, 255, 255, 255, 255, 255, 255, 254,
          2,   0,   0,   0,   0,   2, 254],
       [  0,   0,   0,   0, 151, 255, 255, 255, 255, 255, 255, 253,   0,
          0,   0,   0,   0,   0, 255, 255],
       [  0,   0,   0,   0, 151, 255, 255, 255, 255, 255, 253,   0,   0,
          0,   0,   0,   1, 255, 255, 255],
       [  0,   0,   0,   0, 151, 255, 255, 255, 255, 254,   3,   0,   0,
          0,   0,   2, 254, 255, 255, 255],
       [  0,   0,   0,   0, 151, 255, 255, 255, 254,   3,   0,   0,   0,
          0,   0, 255, 255, 255, 255, 255],
       [  0,   0,   0,   0, 151, 255, 255, 255,   0,   0,   0,   0,   0,
          1, 255, 255, 255, 255, 255, 255],
       [  0,   0,   0,   0, 151, 255, 255,   1,   0,   0,   0,   0,  12,
        255, 255, 255, 255, 255, 255, 255],
       [  0,   0,   0,   0, 151, 251,   2,   0,   0,   0,   0, 106, 255,
        255, 255, 255, 255, 255, 255, 255],
       [  0,   0,   0,   0, 151,   0,   0,   0,   0,   0,   0,   3, 255,
        255, 255, 255, 255, 255, 255, 255],
       [  0,   0,   0,   0,   0,   0,   0,   0,   0,   0,   0,   0, 244,
        255, 255, 255, 255, 255, 255, 255],
       [  0,   0,   0,   0,   0,   0,   0,   0,   0,   0,   0,   0,   0,
        252, 255, 255, 255, 255, 255, 255],
       [  0,   0,   0,   0,   0,   0,   0, 254, 254,   0,   0,   0,   0,
          0, 255, 255, 255, 255, 255, 255],
       [  0,   0,   0,   0,   0,   0, 253, 255, 255,   1,   0,   0,   0,
          0,   1, 255, 255, 255, 255, 255],
       [  0,   0,   0,   0,   0, 254, 255, 255, 255, 254,   0,   0,   0,
          0,   0, 255, 255, 255, 255, 255],
       [  0,   0,   0,   0, 151, 255, 255, 255, 255, 255, 253,   0,   0,
          0,   0,   3, 255, 255, 255, 255],
       [  0,   0,   0,   0, 151, 255, 255, 255, 255, 255, 255,   3,   0,
          0,   0,   0,   0, 255, 255, 255],
       [  0,   0,   0,   0, 151, 255, 255, 255, 255, 255, 255, 253,   0,
          0,   0,   0,   0, 185, 255, 255],
       [  0,   0,   0,   0, 151, 255, 255, 255, 255, 255, 255, 255, 234,
          0,   0,   0,   0,   0, 252, 255],
       [  0,   0,   0,   0, 151, 255, 255, 255, 255, 255, 255, 255, 255,
          2,   0,   0,   0,   0,   2, 255],
       [  0,   0,   0,   0, 152, 255, 255, 255, 255, 255, 255, 255, 255,
        255,   0,   0,   0,   0,   0,   0]], dtype=uint8), array([0., 1., 0., 0.])]
['k', array([[ 42,  42,  42,  39, 254, 254, 254, 254, 254, 254, 254, 254, 251,
        254,  73,  40,  38,  42,  42,  38],
       [ 42,  42,  42,  35, 253, 254, 254, 254, 254, 254, 253, 255, 174,
         42,  42,  42,  42,  42,  42,  38],
       [ 42,  42,  42,  35, 253, 254, 254, 254, 254, 254, 254, 246,  42,
         42,  47,  43, 194, 253, 253, 254],
       [ 42,  42,  42,  36, 253, 254, 254, 254, 254, 254, 254,  42,  42,
         42,  34, 252, 254, 254, 254, 254],
       [ 42,  42,  42,  35, 253, 254, 254, 254, 254, 250,  38,  42,  42,
         42, 254, 253, 254, 254, 254, 254],
       [ 42,  42,  42,  35, 253, 254, 254, 254, 254, 241,  42,  42,  46,
         99, 254, 252, 254, 254, 254, 254],
       [ 42,  42,  42,  36, 253, 254, 254, 254, 254,  39,  43,  42,  35,
        249, 254, 254, 254, 254, 254, 254],
       [ 42,  42,  42,  35, 253, 254, 254, 249,  28,  41,  43,  43, 242,
        254, 254, 254, 254, 254, 254, 254],
       [ 42,  42,  42,  36, 254, 249, 120,  47,  48,  44,  36, 238, 254,
        254, 254, 254, 254, 254, 254, 254],
       [ 42,  42,  42,  42,  42,  42,  42,  42,  43, 148, 253, 254, 254,
        254, 254, 254, 254, 254, 254, 254],
       [ 42,  42,  42,  41,  42,  42,  39,  41,  39,  41,  48, 252, 254,
        254, 254, 254, 254, 254, 254, 254],
       [ 42,  42,  42,  36, 253, 254, 255,  47,  39,  43,  43,  37, 254,
        254, 254, 254, 254, 254, 254, 254],
       [ 42,  42,  42,  35, 253, 254, 254, 253, 204,  42,  42,  42,  40,
        207, 254, 254, 254, 254, 254, 254],
       [ 42,  42,  42,  36, 253, 254, 254, 254, 254, 191,  41,  42,  45,
         40, 241, 254, 254, 254, 254, 254],
       [ 42,  42,  42,  35, 253, 254, 254, 254, 254, 249, 162,  32,  42,
         42,  40, 252, 255, 254, 254, 254],
       [ 42,  42,  42,  35, 253, 254, 254, 254, 254, 254, 254,  74,  42,
         42,  42,  42, 254, 254, 254, 254],
       [ 42,  42,  42,  36, 253, 254, 254, 254, 254, 254, 254, 255,  35,
         37,  42,  42,  42, 254, 251, 254],
       [ 42,  42,  42,  35, 253, 254, 254, 254, 254, 254, 254, 255, 252,
         35,  42,  42,  39,  38, 253, 254],
       [ 42,  42,  42,  35, 253, 254, 254, 254, 254, 254, 254, 254, 251,
        252,  38,  42,  42,  43,  38, 254],
       [ 41,  41,  42,  34, 254, 254, 254, 254, 254, 254, 254, 254, 254,
        254, 252,  44,  41,  45,  40,  57]], dtype=uint8), array([0., 1., 0., 0.])]
['v', array([[  5,   1,   0,   0,   4, 254, 255, 255, 255, 255, 255, 255, 255,
        255, 255,   2,   2,   0,   3,   7],
       [ 24,   0,   0,   0,   1, 208, 254, 255, 255, 255, 255, 255, 255,
        255, 246,   0,   0,   0,   2,   1],
       [255,   0,   0,   0,   0,   0, 255, 255, 255, 255, 255, 255, 255,
        255,   6,   0,   0,   0,   4, 232],
       [255,   3,   1,   0,   0,   0, 255, 255, 255, 255, 255, 255, 255,
        253,   0,   0,   0,   0,   3, 254],
       [254, 177,   1,   0,   0,   0, 120, 255, 255, 255, 255, 255, 255,
        199,   0,   0,   0,   0,  59, 255],
       [255, 255,   3,   0,   0,   0,   2, 255, 255, 255, 255, 255, 255,
          3,   0,   0,   0,   0, 255, 255],
       [255, 255,  12,   0,   0,   0,   0, 255, 255, 255, 255, 255, 254,
          2,   0,   0,   0,   3, 255, 255],
       [255, 255, 255,   2,   0,   0,   0,  52, 255, 255, 255, 255,  95,
          0,   0,   0,   0, 212, 255, 255],
       [255, 255, 255,   3,   0,   0,   0,   4, 255, 255, 255, 255,   0,
          0,   0,   0,   0, 252, 255, 255],
       [255, 255, 255, 112,   0,   0,   0,   0, 250, 255, 255, 254,   0,
          0,   0,   1,  52, 255, 255, 255],
       [255, 255, 255, 251,   0,   0,   0,   0,   1, 255, 255,   4,   1,
          0,   0,   2, 255, 255, 255, 255],
       [255, 255, 255, 255,   0,   1,   0,   0,   4, 255, 255,   0,   0,
          0,   0,   3, 253, 255, 255, 255],
       [255, 255, 255, 255, 235,   1,   0,   0,   0, 201, 218,   0,   0,
          0,   0, 208, 255, 255, 255, 255],
       [255, 255, 255, 255, 255,   1,   0,   0,   0,   1,   3,   0,   0,
          0,   1, 255, 255, 255, 255, 255],
       [255, 255, 255, 255, 255,  38,   3,   0,   0,   0,   0,   0,   0,
          0,  19, 255, 255, 255, 255, 255],
       [255, 255, 255, 255, 254, 255,   1,   0,   0,   0,   0,   0,   0,
          0, 254, 255, 255, 255, 255, 255],
       [255, 255, 255, 255, 255, 255,   7,   0,   0,   0,   0,   0,   0,
          3, 255, 255, 255, 255, 255, 255],
       [255, 255, 255, 255, 255, 255, 186,   0,   0,   0,   0,   0,   0,
        125, 255, 255, 255, 255, 255, 255],
       [255, 255, 255, 255, 255, 255, 253,   5,   0,   0,   0,   0,   0,
        253, 255, 255, 255, 255, 255, 255],
       [255, 255, 255, 255, 255, 255, 255,  49,   2,   1,   0,   2,  13,
        254, 255, 255, 255, 255, 255, 255]], dtype=uint8), array([0., 0., 1., 0.])]
['v', array([[ 52,  53,  53, 255, 255, 255, 255, 255, 255, 255, 255, 255, 255,
        255, 255, 255, 255,  51,  52,  56],
       [189,  52,  51,  92, 255, 255, 255, 255, 255, 255, 255, 255, 255,
        255, 255, 255, 150,  51,  51, 208],
       [255,  47,  51,  51, 255, 255, 255, 255, 255, 255, 255, 255, 255,
        255, 255, 255,  52,  51,  51, 255],
       [255,  28,  50,  51, 255, 255, 255, 255, 255, 255, 255, 255, 255,
        255, 255, 255,  51,  51,  81, 255],
       [255, 255,  54,  51,  52, 255, 255, 255, 255, 255, 255, 255, 255,
        255, 253,  43,  51,  51, 255, 255],
       [255, 255,  51,  51,  51, 255, 255, 255, 255, 255, 255, 255, 255,
        255, 255,  51,  51,  46, 255, 255],
       [255, 255, 255,  51,  51,  37, 255, 255, 255, 255, 255, 255, 255,
        255,  68,  51,  49, 254, 255, 255],
       [255, 255, 255,  54,  51,  51, 255, 255, 255, 255, 255, 255, 255,
        254,  48,  51,  54, 255, 255, 255],
       [255, 255, 255, 163,  52,  51, 210, 255, 255, 255, 255, 255, 255,
        214,  51,  51, 232, 255, 255, 255],
       [255, 255, 255, 254,  54,  51,  48, 254, 255, 255, 255, 255, 255,
         53,  51,  51, 255, 255, 255, 255],
       [255, 255, 255, 255,  23,  51,  51, 254, 255, 255, 255, 255, 255,
         51,  51, 140, 255, 255, 255, 255],
       [255, 255, 255, 255, 255,  51,  51,  50, 255, 255, 255, 255,  44,
         51,  51, 255, 255, 255, 255, 255],
       [255, 255, 255, 255, 255,  57,  51,  51, 255, 255, 255, 255,  49,
         51,  40, 255, 255, 255, 255, 255],
       [255, 255, 255, 255, 255, 255,  51,  51, 201, 255, 255, 156,  51,
         51, 255, 255, 255, 255, 255, 255],
       [255, 255, 255, 255, 255, 255,  52,  51,  54, 255, 255,  45,  51,
         51, 255, 255, 255, 255, 255, 255],
       [255, 255, 255, 255, 255, 255, 130,  51,  51, 255, 251,  52,  51,
        241, 255, 255, 255, 255, 255, 255],
       [255, 255, 255, 255, 255, 255, 255,  50,  51,  43,  47,  51,  51,
        255, 255, 255, 255, 255, 255, 255],
       [255, 255, 255, 255, 255, 255, 255,  51,  51,  51,  49,  51, 163,
        255, 255, 255, 255, 255, 255, 255],
       [255, 255, 255, 255, 255, 255, 255, 253,  52,  51,  51,  53, 255,
        255, 255, 255, 255, 255, 255, 255],
       [255, 255, 255, 255, 255, 255, 255, 255,  59,  51,  51,  47, 255,
        255, 255, 255, 255, 255, 255, 255]], dtype=uint8), array([0., 0., 1., 0.])]
['v', array([[  0,   0,   0,   0,   0,   0,   0, 255, 255, 255, 255, 255, 255,
        255,   0,   0,   0,   0,   0,   0],
       [255, 255,   0,   0,   0, 255, 255, 252, 255, 255, 255, 255, 255,
        255, 255, 255,  36,   0, 255, 255],
       [255, 255,   1,   0,   0, 255, 255, 255, 255, 255, 255, 255, 255,
        255, 255, 253,   1,   1, 255, 255],
       [255, 255, 255,   0,   0,  12, 255, 255, 255, 255, 255, 255, 255,
        255, 255, 251,   0, 255, 255, 255],
       [255, 255, 255,   0,   0,   1, 255, 255, 255, 255, 255, 255, 255,
        255, 255,   3,   0, 255, 255, 255],
       [255, 255, 255, 105,   0,   0, 179, 255, 255, 255, 255, 255, 255,
        255, 251,   0,  41, 255, 255, 255],
       [255, 255, 255, 255,   2,   0,   0, 255, 255, 255, 255, 255, 255,
        255, 250,   0, 255, 255, 255, 255],
       [255, 255, 255, 255,   5,   0,   0, 255, 255, 255, 255, 255, 255,
        255,   0,   5, 255, 255, 255, 255],
       [255, 255, 255, 255, 252,   0,   0,   6, 255, 255, 255, 255, 255,
        255,   0, 209, 255, 255, 255, 255],
       [255, 255, 255, 255, 255,   0,   0,   0, 255, 255, 255, 255, 255,
         53,   2, 255, 255, 255, 255, 255],
       [255, 255, 255, 255, 255,   0,   0,   0, 255, 255, 255, 255, 255,
          1,   6, 255, 255, 255, 255, 255],
       [255, 255, 255, 255, 255, 255,   0,   0,   4, 255, 255, 255, 255,
          1, 255, 255, 255, 255, 255, 255],
       [255, 255, 255, 255, 255, 253,   0,   0,   1, 255, 255, 255,   4,
          0, 255, 255, 255, 255, 255, 255],
       [255, 255, 255, 255, 255, 255,  81,   0,   0, 169, 255, 255,   0,
         41, 255, 255, 255, 255, 255, 255],
       [255, 255, 255, 255, 255, 255, 255,   2,   0,   0, 255, 245,   0,
        251, 255, 255, 255, 255, 255, 255],
       [255, 255, 255, 255, 255, 255, 255,   3,   0,   0, 252,   0,   3,
        255, 255, 255, 255, 255, 255, 255],
       [255, 255, 255, 255, 255, 255, 255, 239,   0,   0,   7,   0, 211,
        255, 255, 255, 255, 255, 255, 255],
       [255, 255, 255, 255, 255, 255, 255, 255,   0,   0,   0,   0, 255,
        255, 255, 255, 255, 255, 255, 255],
       [255, 255, 255, 255, 255, 255, 255, 255,   0,   0,   0,   7, 255,
        255, 255, 255, 255, 255, 255, 255],
       [255, 255, 255, 255, 255, 255, 255, 255, 254,   1,   1, 255, 255,
        255, 255, 255, 255, 255, 255, 255]], dtype=uint8), array([0., 0., 1., 0.])]
['v', array([[ 51,  51,  51, 255, 255, 255, 255, 255, 255, 255, 255, 255, 255,
        255, 255, 255, 255,  51,  51,  51],
       [192,  51,  51,  94, 255, 255, 255, 255, 255, 255, 255, 255, 255,
        255, 255, 255, 141,  51,  51, 214],
       [255,  51,  51,  51, 255, 255, 255, 255, 255, 255, 255, 255, 255,
        255, 255, 255,  51,  51,  51, 255],
       [255,  30,  51,  51, 255, 255, 255, 255, 255, 255, 255, 255, 255,
        255, 255, 255,  51,  51,  69, 255],
       [255, 255,  51,  51,  51, 255, 255, 255, 255, 255, 255, 255, 255,
        255, 255,  49,  51,  51, 255, 255],
       [255, 255,  50,  51,  51, 255, 255, 255, 255, 255, 255, 255, 255,
        255, 255,  51,  51,  47, 255, 255],
       [255, 255, 255,  51,  51,  22, 255, 255, 255, 255, 255, 255, 255,
        255,  57,  51,  51, 255, 255, 255],
       [255, 255, 255,  51,  51,  51, 255, 255, 255, 255, 255, 255, 255,
        255,  51,  51,  51, 255, 255, 255],
       [255, 255, 255, 162,  51,  51, 214, 255, 255, 255, 255, 255, 255,
        220,  51,  51, 237, 255, 255, 255],
       [255, 255, 255, 255,  51,  51,  51, 255, 255, 255, 255, 255, 255,
         51,  51,  51, 255, 255, 255, 255],
       [255, 255, 255, 255,  37,  51,  51, 255, 255, 255, 255, 255, 255,
         51,  51, 123, 255, 255, 255, 255],
       [255, 255, 255, 255, 255,  51,  51,  51, 255, 255, 255, 255,  45,
         51,  51, 255, 255, 255, 255, 255],
       [255, 255, 255, 255, 255,  51,  51,  51, 255, 255, 255, 255,  51,
         51,  47, 255, 255, 255, 255, 255],
       [255, 255, 255, 255, 255, 255,  51,  51, 214, 255, 255, 159,  51,
         51, 255, 255, 255, 255, 255, 255],
       [255, 255, 255, 255, 255, 255,  51,  51,  51, 255, 255,  51,  51,
         51, 255, 255, 255, 255, 255, 255],
       [255, 255, 255, 255, 255, 255, 128,  51,  51, 255, 255,  51,  51,
        251, 255, 255, 255, 255, 255, 255],
       [255, 255, 255, 255, 255, 255, 255,  51,  51,  39,  48,  51,  51,
        255, 255, 255, 255, 255, 255, 255],
       [255, 255, 255, 255, 255, 255, 255,  41,  51,  51,  51,  51, 160,
        255, 255, 255, 255, 255, 255, 255],
       [255, 255, 255, 255, 255, 255, 255, 255,  51,  51,  51,  51, 255,
        255, 255, 255, 255, 255, 255, 255],
       [255, 255, 255, 255, 255, 255, 255, 255,  51,  51,  51,  46, 255,
        255, 255, 255, 255, 255, 255, 255]], dtype=uint8), array([0., 0., 1., 0.])]
['v', array([[  5,   1,   0,   0,   4, 254, 255, 255, 255, 255, 255, 255, 255,
        255, 255,   2,   2,   0,   3,   7],
       [ 24,   0,   0,   0,   1, 208, 254, 255, 255, 255, 255, 255, 255,
        255, 246,   0,   0,   0,   2,   1],
       [255,   0,   0,   0,   0,   0, 255, 255, 255, 255, 255, 255, 255,
        255,   6,   0,   0,   0,   4, 232],
       [255,   3,   1,   0,   0,   0, 255, 255, 255, 255, 255, 255, 255,
        253,   0,   0,   0,   0,   3, 254],
       [254, 177,   1,   0,   0,   0, 120, 255, 255, 255, 255, 255, 255,
        199,   0,   0,   0,   0,  59, 255],
       [255, 255,   3,   0,   0,   0,   2, 255, 255, 255, 255, 255, 255,
          3,   0,   0,   0,   0, 255, 255],
       [255, 255,  12,   0,   0,   0,   0, 255, 255, 255, 255, 255, 254,
          2,   0,   0,   0,   3, 255, 255],
       [255, 255, 255,   2,   0,   0,   0,  52, 255, 255, 255, 255,  95,
          0,   0,   0,   0, 212, 255, 255],
       [255, 255, 255,   3,   0,   0,   0,   4, 255, 255, 255, 255,   0,
          0,   0,   0,   0, 252, 255, 255],
       [255, 255, 255, 112,   0,   0,   0,   0, 250, 255, 255, 254,   0,
          0,   0,   1,  52, 255, 255, 255],
       [255, 255, 255, 251,   0,   0,   0,   0,   1, 255, 255,   4,   1,
          0,   0,   2, 255, 255, 255, 255],
       [255, 255, 255, 255,   0,   1,   0,   0,   4, 255, 255,   0,   0,
          0,   0,   3, 253, 255, 255, 255],
       [255, 255, 255, 255, 235,   1,   0,   0,   0, 201, 218,   0,   0,
          0,   0, 208, 255, 255, 255, 255],
       [255, 255, 255, 255, 255,   1,   0,   0,   0,   1,   3,   0,   0,
          0,   1, 255, 255, 255, 255, 255],
       [255, 255, 255, 255, 255,  38,   3,   0,   0,   0,   0,   0,   0,
          0,  19, 255, 255, 255, 255, 255],
       [255, 255, 255, 255, 254, 255,   1,   0,   0,   0,   0,   0,   0,
          0, 254, 255, 255, 255, 255, 255],
       [255, 255, 255, 255, 255, 255,   7,   0,   0,   0,   0,   0,   0,
          3, 255, 255, 255, 255, 255, 255],
       [255, 255, 255, 255, 255, 255, 186,   0,   0,   0,   0,   0,   0,
        125, 255, 255, 255, 255, 255, 255],
       [255, 255, 255, 255, 255, 255, 253,   5,   0,   0,   0,   0,   0,
        253, 255, 255, 255, 255, 255, 255],
       [255, 255, 255, 255, 255, 255, 255,  49,   2,   1,   0,   2,  13,
        254, 255, 255, 255, 255, 255, 255]], dtype=uint8), array([0., 0., 1., 0.])]
['v', array([[  2,   2,   2,   2,   2, 255, 255, 255, 255, 255, 255, 255, 255,
        255, 255,   2,   2,   2,   2,   2],
       [  2,   2,   2,   2,   2, 255, 255, 255, 255, 255, 255, 255, 255,
        255, 255,   2,   2,   2,   2,   2],
       [  2,   2,   2,   2,   2, 255, 255, 255, 255, 255, 255, 255, 255,
        255, 255,   2,   2,   2,   2,   2],
       [  2,   2,   2,   2,   2, 255, 255, 255, 255, 255, 255, 255, 255,
        255, 255,   2,   2,   2,   2,   2],
       [  2,   2,   2,   2,   2, 255, 255, 255, 255, 255, 255, 255, 255,
        255, 255,   2,   2,   2,   2,   2],
       [  2,   2,   2,   2,   2, 255, 255, 255, 255, 255, 255, 255, 255,
        255, 255,   2,   2,   2,   2,   2],
       [  2,   2,   2,   2,   2, 255, 255, 255, 255, 255, 255, 255, 255,
        255, 255,   2,   2,   2,   2,   2],
       [  2,   2,   2,   2,   2, 255, 255, 255, 255, 255, 255, 255, 255,
        255, 255,   2,   2,   2,   2,   2],
       [  2,   2,   2,   2,   2,   2, 255, 255, 255, 255, 255, 255, 255,
        255,   2,   2,   2,   2,   2,   2],
       [255,   2,   2,   2,   2,   2, 255, 255, 255, 255, 255, 255, 255,
        252,   2,   2,   2,   2,   2, 255],
       [255,   0,   2,   2,   2,   2,   2, 255, 255, 255, 255, 255, 255,
          2,   2,   2,   2,   2,   0, 255],
       [255, 255,   2,   2,   2,   2,   2,   2, 255, 255, 255, 255,   2,
          2,   2,   2,   2,   2, 255, 255],
       [255, 255, 255,   2,   2,   2,   2,   2, 255, 255, 255, 255,   2,
          2,   2,   2,   2, 255, 255, 255],
       [255, 255, 255,   2,   2,   2,   2,   2,   2, 255, 255,   2,   2,
          2,   2,   2,   2, 255, 255, 255],
       [255, 255, 255, 255,   2,   2,   2,   2,   2,   6,   6,   2,   2,
          2,   2,   2, 255, 255, 255, 255],
       [255, 255, 255, 255,   2,   2,   2,   2,   2,   2,   2,   2,   2,
          2,   2,   2, 255, 255, 255, 255],
       [255, 255, 255, 255, 255,   2,   2,   2,   2,   2,   2,   2,   2,
          2,   2, 255, 255, 255, 255, 255],
       [255, 255, 255, 255, 255, 255,   2,   2,   2,   2,   2,   2,   2,
          2, 255, 255, 255, 255, 255, 255],
       [255, 255, 255, 255, 255, 255,   2,   2,   2,   2,   2,   2,   2,
          2, 255, 255, 255, 255, 255, 255],
       [255, 255, 255, 255, 255, 255, 255,   2,   2,   2,   2,   2,   2,
        255, 255, 255, 255, 255, 255, 255]], dtype=uint8), array([0., 0., 1., 0.])]
['v', array([[  6,   1, 244, 255, 252, 255, 255, 255, 255, 255, 255, 255, 255,
        255, 255, 255, 255, 255,   1,  69],
       [  0,   1,   0, 255, 255, 255, 255, 255, 255, 255, 255, 255, 255,
        255, 255, 255, 255,   8,   0,   5],
       [214,   0,   1, 161, 255, 255, 255, 255, 255, 255, 255, 255, 255,
        255, 255, 255, 188,   2,   2, 116],
       [255,   8,   1,   4, 253, 254, 255, 255, 255, 255, 255, 255, 255,
        255, 255, 241,   5,   2,   2, 255],
       [255, 238,   3,   2,  88, 255, 255, 255, 255, 255, 255, 255, 255,
        255, 253,  54,   1,   4, 238, 255],
       [255, 255,  20,   0,   1, 248, 255, 255, 255, 255, 255, 255, 255,
        255, 254,   1,   0,  39, 255, 255],
       [255, 254, 253,   3,   0,  76, 254, 255, 255, 255, 255, 255, 255,
        255,  10,   0,   1, 254, 255, 255],
       [255, 255, 255,  38,   0,   8, 253, 254, 255, 255, 255, 255, 255,
        246,   5,   4, 126, 254, 255, 255],
       [255, 255, 255, 252,   0,   0,  83, 252, 255, 255, 255, 255, 247,
          4,   0,  10, 255, 255, 255, 255],
       [255, 255, 255, 252,   7,   0,   0, 250, 255, 255, 255, 255, 224,
          0,   0, 177, 252, 255, 255, 255],
       [255, 255, 255, 255, 253,   2,   5, 140, 255, 255, 255, 252,   4,
          1,   0, 255, 255, 255, 255, 255],
       [255, 255, 255, 255, 255,  13,   0,   1, 255, 255, 255, 252,   0,
          0, 155, 255, 255, 255, 255, 255],
       [255, 255, 255, 255, 255, 231,   1,   3, 206, 255, 254,  13,   3,
          0, 250, 255, 255, 255, 255, 255],
       [255, 255, 255, 255, 255, 255,   2,   0,   5, 254, 253,   2,   1,
        106, 255, 255, 255, 255, 255, 255],
       [255, 255, 255, 255, 255, 255, 225,   7,   1, 238, 104,   1,   4,
        252, 255, 255, 255, 255, 255, 255],
       [255, 255, 255, 255, 255, 255, 255,   5,   1,  10,   2,   2,  37,
        254, 255, 255, 255, 255, 255, 255],
       [255, 255, 255, 255, 255, 255, 250, 133,   0,   0,   0,   0, 245,
        255, 255, 255, 255, 255, 255, 255],
       [255, 255, 255, 255, 255, 255, 254, 254,   2,   1,   4,   2, 255,
        255, 255, 255, 255, 255, 255, 255],
       [255, 255, 255, 255, 255, 255, 255, 255,  49,   1,   1, 168, 255,
        255, 255, 255, 255, 255, 255, 255],
       [255, 255, 255, 255, 255, 255, 255, 255, 252,   9,   0, 255, 255,
        255, 255, 255, 255, 255, 255, 255]], dtype=uint8), array([0., 0., 1., 0.])]
['v', array([[  5,   0,   0, 105, 255, 255, 255, 255, 255, 255, 255, 255, 255,
        255, 255, 255, 246,   0,   0,   4],
       [255,   7,   0,   0, 255, 255, 255, 255, 255, 255, 255, 255, 255,
        255, 255, 254,   0,   0,   0, 206],
       [255,   3,   0,   3, 141, 255, 255, 255, 255, 255, 255, 255, 255,
        255, 255, 239,   0,   0,   7, 255],
       [255, 255,   1,   0,   0, 250, 255, 255, 255, 255, 255, 255, 255,
        255, 255,   3,   0,   0, 186, 255],
       [255, 255,   2,   0,   0, 177, 255, 255, 255, 255, 255, 255, 255,
        255, 253,   0,   0,   0, 255, 255],
       [255, 254, 255,   0,   0,   3, 255, 255, 255, 255, 255, 255, 255,
        255,   5,   0,   6, 142, 255, 255],
       [255, 255, 255,   2,   0,   0, 187, 255, 255, 255, 255, 255, 255,
        253,   5,   0,   1, 252, 255, 255],
       [255, 255, 255, 251,   0,   0,   2, 255, 255, 255, 255, 255, 255,
          6,   0,   0, 100, 255, 255, 255],
       [255, 255, 255, 255,  12,   0,   2, 204, 255, 255, 255, 255, 254,
          4,   0,   7, 255, 255, 255, 255],
       [255, 255, 255, 255, 226,   4,   0,   2, 255, 255, 255, 253,   0,
          0,   1,  84, 255, 255, 255, 255],
       [255, 255, 255, 255, 255,   4,   0,   2, 227, 255, 255, 255,   0,
          0,   1, 255, 255, 255, 255, 255],
       [255, 255, 255, 255, 255, 204,   2,   0,   0, 255, 249,  12,   0,
          0,  61, 255, 255, 255, 255, 255],
       [255, 255, 255, 255, 255, 255,   1,   0,   0, 248, 255,   5,   1,
          0, 250, 255, 255, 255, 255, 255],
       [255, 255, 255, 255, 255, 255, 177,   0,   0,   0,   0,   0,   0,
         25, 255, 255, 255, 255, 255, 255],
       [255, 255, 255, 255, 255, 255, 251,   0,   0,   0,   0,   0,   1,
        245, 255, 255, 255, 255, 255, 255],
       [255, 255, 255, 255, 255, 255, 255, 148,   3,   0,   0,   1,  14,
        255, 255, 255, 255, 255, 255, 255],
       [255, 255, 255, 255, 255, 255, 255, 255,   4,   0,   0,   0, 255,
        255, 255, 255, 255, 255, 255, 255],
       [255, 255, 255, 255, 255, 255, 255, 255, 104,   0,   0,   7, 254,
        255, 255, 255, 255, 255, 255, 255],
       [255, 255, 255, 255, 255, 255, 255, 255, 255,   1,   1, 255, 255,
        255, 255, 255, 255, 255, 255, 255],
       [255, 255, 255, 255, 255, 255, 255, 255, 255,  68,   0, 255, 255,
        255, 255, 255, 255, 255, 255, 255]], dtype=uint8), array([0., 0., 1., 0.])]
['v', array([[  0,   0,   0,   0,   0,   0,   0,   0,   0, 255, 255, 255, 255,
          0,   0,   0,   0,   0,   0,   0],
       [  0,   0,   0,   0,   0,   0,   0,   0,   0, 255, 255, 255, 255,
          0,   0,   0,   0,   0,   0,   0],
       [  0,   0,   0,   0,   0,   0,   0,   0,   0, 255, 255, 255, 255,
          0,   0,   0,   0,   0,   0,   0],
       [255, 255,   0,   0,   0,   0,   0, 255, 255, 255, 255, 255, 255,
        255, 255,   0,   0,   0, 255, 255],
       [255, 255,   0,   0,   0,   0,   0, 255, 255, 255, 255, 255, 255,
        255,   0,   0,   0,   0, 255, 255],
       [255, 255,  45,   0,   0,   0,   0,   2, 255, 255, 255, 255, 255,
        255,   0,   0,   0,  83, 255, 255],
       [255, 255, 255,   0,   0,   0,   0,   0, 255, 255, 255, 255, 255,
        252,   0,   0,   0, 255, 255, 255],
       [255, 255, 255,   0,   0,   0,   0,   0, 255, 255, 255, 255, 255,
          2,   0,   0,   1, 255, 255, 255],
       [255, 255, 255, 254,   0,   0,   0,   0,   0, 255, 255, 255, 255,
          0,   0,   0, 255, 255, 255, 255],
       [255, 255, 255, 255,   0,   0,   0,   0,   0, 255, 255, 255, 255,
          0,   0,   0, 255, 255, 255, 255],
       [255, 255, 255, 255,   2,   0,   0,   0,   0, 255, 255, 255,   0,
          0,   0,   0, 255, 255, 255, 255],
       [255, 255, 255, 255, 255,   0,   0,   0,   0,   0, 255, 255,   0,
          0,   0, 255, 255, 255, 255, 255],
       [255, 255, 255, 255, 255,   0,   0,   0,   0,   0, 255, 254,   0,
          0,   0, 255, 255, 255, 255, 255],
       [255, 255, 255, 255, 255,  13,   0,   0,   0,   0, 255,   0,   0,
          0,   3, 255, 255, 255, 255, 255],
       [255, 255, 255, 255, 255, 255,   0,   0,   0,   0,   0,   0,   0,
          0, 255, 255, 255, 255, 255, 255],
       [255, 255, 255, 255, 255, 255,   0,   0,   0,   0,   0,   0,   0,
          0, 255, 255, 255, 255, 255, 255],
       [255, 255, 255, 255, 255, 255, 255,   0,   0,   0,   0,   0,   0,
        255, 255, 255, 255, 255, 255, 255],
       [255, 255, 255, 255, 255, 255, 255,   0,   0,   0,   0,   0,   0,
        255, 255, 255, 255, 255, 255, 255],
       [255, 255, 255, 255, 255, 255, 255,   0,   0,   0,   0,   0,   0,
        255, 255, 255, 255, 255, 255, 255],
       [255, 255, 255, 255, 255, 255, 255, 255,   0,   0,   0,   0, 255,
        255, 255, 255, 255, 255, 255, 255]], dtype=uint8), array([0., 0., 1., 0.])]
['v', array([[239,   7,   3,   0, 181, 255, 255, 255, 255, 255, 255, 255, 255,
        255, 255, 255, 255, 255, 255, 255],
       [  3,   1,   0,   0,   1, 255, 255, 255, 255, 255, 255, 255, 255,
        255, 255, 255, 255, 255, 253,  38],
       [239,   2,   1,   0,   0,  89, 254, 255, 255, 255, 255, 255, 255,
        255, 255, 255, 255, 255, 144, 219],
       [255, 160,   1,   6,   1,   0, 255, 255, 255, 255, 255, 255, 255,
        255, 255, 255, 253, 250,  16, 255],
       [255, 252,  40,   0,   2,   2,  89, 255, 255, 255, 255, 255, 255,
        255, 255, 255, 254,   1, 244, 255],
       [255, 255, 252,   1,   0,   0,   1, 255, 255, 255, 255, 255, 255,
        255, 255, 252,   9,   9, 255, 255],
       [255, 255, 255, 249,   5,   0,   1,  46, 254, 255, 255, 255, 255,
        255, 253,  97,   0, 229, 254, 255],
       [255, 255, 255, 255,  86,   3,   1,   3, 251, 255, 255, 255, 255,
        252, 218,   3,  15, 255, 255, 255],
       [255, 255, 255, 255, 253,   7,   1,   0,  58, 253, 255, 255, 255,
        255,  10,   4, 249, 255, 255, 255],
       [255, 255, 255, 255, 255,   8,   0,   0,   3, 255, 255, 255, 254,
         51,   0,   0, 255, 255, 255, 255],
       [255, 255, 255, 255, 255, 251,   3,   0,   0,  35, 253, 254, 255,
          0,   4,  84, 255, 255, 255, 255],
       [255, 255, 255, 255, 255, 255,   9,   2,   1,   0, 242, 255, 253,
          0,   0, 180, 255, 255, 255, 255],
       [255, 255, 255, 255, 255, 255, 191,   2,   2,   1,   3, 251,  49,
          2,   2, 247, 253, 255, 255, 255],
       [255, 255, 255, 255, 255, 255, 255,   0,   1,   0,   0, 252,   4,
          1,   0, 255, 255, 255, 255, 255],
       [255, 255, 255, 255, 255, 255, 255, 155,   1,   0,   0,  88,   1,
          0,   7, 255, 255, 255, 255, 255],
       [255, 255, 255, 255, 255, 255, 255, 254,   0,   0,   0,   0,   0,
          0,  39, 255, 255, 255, 255, 255],
       [255, 255, 255, 255, 255, 255, 254, 255,  78,   2,   0,   0,   0,
          0, 210, 255, 255, 255, 255, 255],
       [255, 255, 255, 255, 255, 255, 255, 255, 254,   2,   1,   0,   0,
          1, 252, 255, 255, 255, 255, 255],
       [255, 255, 255, 255, 255, 255, 255, 255, 255,  43,   1,   0,   0,
          0, 255, 255, 255, 255, 255, 255],
       [255, 255, 255, 255, 255, 255, 255, 255, 255, 253,  49,   2,   1,
        144, 255, 255, 255, 255, 255, 255]], dtype=uint8), array([0., 0., 1., 0.])]
['5', array([[247, 137,  73,  90,  90,  91,  88,  90,  88,  89,  90,  91,  92,
         89,  90,  91,  88,  90,  77, 251],
       [231, 137,  82,  90,  90,  90,  90,  90,  90,  90,  90,  90,  90,
         90,  90,  90,  90,  89,  78, 252],
       [219, 141,  85,  90,  90,  90,  90,  90,  90,  90,  90,  90,  90,
         90,  90,  90,  90,  89,  78, 253],
       [205, 143,  85,  90,  90,  90,  90,  90,  90,  90,  90,  90,  90,
         90,  90,  90,  90,  89,  78, 253],
       [178, 142,  87,  90,  90,  90,  90,  88, 250, 254, 254, 254, 253,
        254, 254, 254, 254, 253, 253, 253],
       [150, 144,  89,  90,  90,  90,  90,  90, 251, 255, 236, 228, 244,
        255, 255, 255, 255, 255, 255, 255],
       [133, 139,  88,  90,  90,  90,  90,  91,  64,  91,  88,  88,  91,
         89,  91,  88,  86, 255, 255, 255],
       [139, 143,  91,  90,  90,  90,  90,  90,  91,  89,  90,  90,  90,
         90,  90,  90,  90,  84, 188, 254],
       [147, 145,  89,  89,  90,  90,  90,  89,  89,  89,  88,  89,  89,
         89,  89,  89,  89,  90,  90, 251],
       [145, 149,  89,  89,  89,  89,  89,  89,  89,  61,  56,  85,  89,
         89,  89,  89,  89,  89,  89,  72],
       [142, 141,  92,  89,  87,  87,  91,  83,  74, 254, 161, 149,  87,
         89,  89,  89,  89,  89,  89,  88],
       [255, 255, 255, 255, 255, 255, 255, 255, 255, 255, 208, 148,  79,
         89,  89,  89,  89,  89,  89,  91],
       [254, 252, 253, 255, 253, 255, 255, 253, 255, 255, 218, 139,  72,
         89,  89,  89,  89,  89,  89,  88],
       [132,  65,  88,  91,  91,  91,  90,  87,  68, 253, 200, 131,  76,
         89,  89,  89,  89,  89,  89,  91],
       [161,  68,  89,  89,  89,  89,  89,  90,  72, 253, 126, 111,  85,
         89,  89,  89,  89,  89,  89,  73],
       [170,  63,  90,  89,  89,  89,  89,  89,  89, 249,  53,  62,  91,
         89,  89,  89,  89,  89,  89, 182],
       [156, 153,  89,  89,  89,  89,  89,  89,  89,  89,  90,  87,  89,
         89,  89,  89,  89,  89,  89, 251],
       [249, 121,  91,  89,  88,  89,  89,  89,  89,  89,  89,  89,  89,
         89,  89,  89,  89,  87, 251, 251],
       [255, 255, 187, 105,  83,  92,  89,  89,  89,  89,  89,  89,  89,
         89,  89,  89,  63, 248, 253, 255],
       [252, 244, 223, 198, 158, 131,  75,  52,  67,  74,  78,  75,  59,
         50, 143, 175, 209, 234, 247, 252]], dtype=uint8), array([0., 0., 0., 1.])]
['5', array([[255, 255, 250,  64,  53,  53,  53,  53,  53,  53,  53,  53,  53,
         53,  53,  53,  53,  53,  34, 254],
       [255, 255,  69,  60,  88,  93,  94,  89,  92,  93,  91,  92,  91,
         90,  91,  92,  92,  58,  29, 253],
       [255, 255,  43,  64,  91,  90,  88,  89,  88,  89,  89,  89,  89,
         89,  90,  87,  90,  57,  30, 254],
       [255, 255,  47,  83,  91,  89,  88,  90,  91,  88,  89,  87,  89,
         90,  87,  90,  88,  56,  29, 253],
       [255, 255,  51, 114,  88,  91,  88,  57,  33,  33,  33,  33,  33,
         33,  33,  33,  33,  34,  29, 253],
       [255, 255,  57,  94,  88,  91,  89,  41,  32, 255, 255, 255, 255,
        255, 255, 255, 255, 255, 255, 255],
       [255,  66,  60,  94,  89,  90,  85,  41, 183,  48,  51,  50,  50,
         45,  48, 253, 254, 255, 255, 255],
       [255,  43,  65,  89,  88,  90,  89,  85,  67, 113, 137, 115, 115,
        110,  65,  54,  44, 253, 255, 255],
       [255,  48,  84,  91,  91,  89,  91,  90,  89,  88,  87,  89,  90,
         88,  87,  90,  60,  43, 250, 253],
       [255,  53, 113,  88,  90,  88,  87,  72,  43,  39,  42,  55,  90,
         89,  91,  91,  89,  61,  40, 254],
       [253,  41,  36,  38,  41,  48,  47,  28,  19, 253, 240,  34,  49,
         91,  89,  89,  91,  92,  48,  27],
       [255, 253, 250, 253, 254,  36,  23, 254, 255, 255, 255, 255,  37,
         63,  92,  92,  91,  90,  58,  32],
       [255, 255, 255, 255, 255, 255, 255, 255, 255, 255, 255, 255,  32,
         60,  88,  90,  90,  91,  63,  31],
       [255, 255, 255, 255, 255, 255, 255, 255, 255, 255, 255, 255,  39,
         64,  87,  90,  88,  90,  57,  28],
       [ 69,  48,  49,  49,  49,  48,  49,  43, 254, 255, 255, 255,  51,
         67,  90,  90,  91,  88,  44,  25],
       [ 34,  57, 121, 121, 118, 119, 108,  46,  34, 253, 253,  53,  63,
         98,  90,  92,  89,  73,  32, 250],
       [254,  40,  57,  89,  90,  88,  91,  90,  60,  57,  61,  73,  98,
         90,  88,  89,  85,  38,  23, 251],
       [255, 255,  39,  53,  91,  91,  89,  90,  91,  86,  91,  89,  90,
         91,  90,  70,  34,  27, 255, 255],
       [255, 255, 255,  33,  38,  46,  58,  73,  83,  85,  84,  81,  73,
         52,  35,  27,  27, 255, 255, 255],
       [255, 255, 255, 255, 255,  77,  28,  30,  32,  30,  33,  29,  29,
         30, 186, 255, 255, 255, 255, 255]], dtype=uint8), array([0., 0., 0., 1.])]
['5', array([[252, 250, 255, 255, 255, 255, 255, 255, 255, 255, 255, 253, 251,
        128, 128, 128, 128, 128, 128, 131],
       [125, 254, 255, 255, 255, 255, 255, 255, 255, 255, 255, 253, 133,
        128, 128, 128, 128, 128, 128, 125],
       [127, 130, 255, 255, 255, 255, 255, 255, 255, 255, 255, 232, 129,
        128, 128, 128, 128, 128, 128, 130],
       [129, 127, 131, 247, 244, 254, 253, 253, 253, 253, 209, 126, 128,
        128, 128, 128, 128, 128, 128, 131],
       [124, 127, 125, 133, 140, 220, 252, 251, 208, 134, 132, 129, 126,
        126, 126, 126, 126, 126, 126, 144],
       [125, 126, 127, 126, 125, 126, 126, 126, 126, 126, 127, 124, 126,
        126, 126, 126, 126, 126, 128, 249],
       [126, 126, 126, 126, 126, 126, 126, 126, 126, 126, 126, 126, 126,
        126, 126, 126, 126, 126, 134, 255],
       [127, 126, 126, 126, 126, 126, 126, 126, 126, 126, 126, 126, 126,
        126, 126, 126, 126, 126, 126, 255],
       [126, 125, 125, 125, 125, 125, 125, 125, 125, 125, 125, 125, 125,
        125, 125, 125, 125, 120, 204, 255],
       [125, 125, 125, 125, 125, 125, 125, 125, 125, 125, 125, 125, 125,
        125, 125, 125, 125, 126, 250, 255],
       [125, 125, 125, 125, 125, 125, 125, 125, 125, 125, 125, 125, 125,
        125, 125, 125, 125, 124, 252, 255],
       [123, 124, 124, 124, 124, 124, 124, 124, 124, 124, 124, 124, 124,
        124, 124, 124, 120, 242, 255, 255],
       [123, 124, 124, 124, 124, 124, 124, 124, 124, 124, 124, 124, 124,
        124, 124, 123, 120, 253, 255, 255],
       [123, 123, 123, 123, 123, 123, 123, 123, 123, 123, 123, 123, 123,
        123, 123, 121, 244, 254, 255, 255],
       [122, 122, 122, 122, 122, 122, 122, 122, 122, 122, 122, 122, 122,
        122, 122, 125, 255, 255, 255, 255],
       [118, 122, 122, 122, 122, 122, 122, 122, 122, 122, 122, 122, 122,
        122, 119, 245, 255, 255, 255, 255],
       [252, 120, 120, 125, 121, 121, 121, 121, 121, 121, 122, 121, 120,
        123, 241, 255, 255, 255, 255, 255],
       [251, 248, 120, 116, 123, 121, 121, 121, 121, 121, 122, 118, 114,
        227, 253, 255, 255, 255, 255, 255],
       [254, 252, 250, 136, 119, 121, 121, 121, 121, 121, 121, 120, 248,
        253, 250, 255, 255, 255, 255, 255],
       [255, 255, 255, 255, 253, 134, 115, 122, 123, 112, 211, 252, 255,
        255, 255, 255, 255, 255, 255, 255]], dtype=uint8), array([0., 0., 0., 1.])]
['5', array([[255, 255, 255,  88,   0,   0,   0,   0,   0,   0,   0,   0,   0,
          0,   0,   0,   0,   0,   2, 255],
       [255, 255, 255,   0,   0,   0,   0,   0,   0,   0,   0,   0,   0,
          0,   0,   0,   0,   0,   1, 255],
       [255, 255, 255,   0,   0,   0,   0,   0,   0,   0,   0,   0,   0,
          0,   0,   0,   0,   0,   1, 255],
       [255, 255, 212,   0,   0,   0,   0,   0,   0,   0,   0,   0,   0,
          0,   0,   0,   0,   0,   1, 255],
       [255, 255,   6,   0,   0,   0,   0,  12, 255, 255, 255, 255, 255,
        255, 255, 255, 255, 255, 255, 255],
       [255, 255,   0,   0,   0,   0,   0, 221, 255, 255, 255, 255, 255,
        255, 255, 255, 255, 255, 255, 255],
       [255, 255,   0,   0,   0,   0,   0, 255, 253,   0,   0,   0,   3,
        246, 255, 255, 253, 255, 255, 255],
       [253, 100,   0,   0,   0,   0,   0,   0,   0,   0,   0,   0,   0,
          0,   0,  11, 237, 255, 255, 255],
       [255,   4,   0,   0,   0,   0,   0,   0,   0,   0,   0,   0,   0,
          0,   0,   0,   0,   2, 255, 255],
       [255,   3,   0,   0,   0,   0,   0,   0, 231, 255, 255,   9,   5,
          0,   0,   0,   0,   0,   8, 255],
       [255, 242,  24,   0,   3,   4, 255, 255, 255, 255, 255, 255, 255,
          2,   0,   0,   0,   0,   0, 122],
       [255, 255, 255, 255, 255, 255, 255, 255, 255, 255, 255, 255, 255,
        255,   0,   0,   0,   0,   0,   3],
       [255, 255, 255, 255, 255, 255, 255, 255, 255, 255, 255, 255, 255,
        255,   3,   0,   0,   0,   0,   1],
       [255, 255, 255, 255, 255, 255, 255, 255, 255, 255, 255, 255, 255,
        255,   1,   0,   0,   0,   0,   0],
       [191,  11,   4,   0,   1,   1, 255, 255, 255, 255, 255, 255, 255,
        255,   0,   0,   0,   0,   0,   1],
       [  0,   0,   0,   0,   0,   0, 255, 255, 255, 255, 255, 255, 255,
         68,   0,   0,   0,   0,   1, 176],
       [254,   0,   0,   0,   0,   0,   2,  51, 255, 255, 255, 254,   0,
          3,   0,   0,   0,   0,   0, 255],
       [255, 211,   2,   0,   0,   0,   0,   0,   0,   2,   1,   0,   0,
          0,   0,   0,   0,   0, 255, 255],
       [255, 255, 250,   0,   0,   0,   0,   0,   0,   0,   0,   0,   0,
          0,   0,   2, 210, 255, 255, 255],
       [255, 255, 255, 255, 255,  81,   0,   0,   0,   0,   0,   0,   0,
          0, 255, 255, 255, 255, 255, 255]], dtype=uint8), array([0., 0., 0., 1.])]
['5', array([[255, 255, 255, 255, 255, 255, 255, 255, 255, 255, 255, 255, 255,
        255, 255, 255, 255, 255, 220,   0],
       [255, 255, 255, 255, 255, 255,  40,   2,   0,   0,   0,   0,   0,
          0,   0,   0,   1,   1,   3, 255],
       [255, 255, 255, 255, 255, 180,   0,   0,   0,   0,   0,   0,   0,
          0,   0,   0,   0,   0, 222, 255],
       [255, 255, 255, 255, 255,   3,   1, 254, 255, 255, 255, 255, 255,
        255, 255, 255, 255, 255, 254, 255],
       [255, 255, 255, 249,   4,   9, 255, 255, 255, 255, 255, 255, 255,
        255, 255, 255, 255, 255, 255, 255],
       [255, 255, 255,  13,   2,  48, 161, 249, 255, 253, 255, 255, 255,
        255, 255, 255, 255, 255, 255, 255],
       [255, 255, 124,   0,   0,   0,   0,   0,   0,   0,   0,   4,  64,
        255, 255, 255, 255, 255, 255, 255],
       [255, 255,   0,   0,   0,   5,   0,   1,   0,   0,   0,   0,   0,
          0,   1, 162, 255, 255, 255, 255],
       [255, 255, 255, 255, 255, 255, 255, 250,  40,   5,   0,   0,   0,
          0,   0,   0,   3, 255, 255, 255],
       [255, 255, 255, 255, 255, 255, 255, 255, 255, 255, 255, 232,   4,
          1,   0,   0,   0,   0, 249, 255],
       [255, 255, 255, 255, 255, 255, 255, 255, 255, 255, 255, 255, 255,
        254,   1,   1,   0,   0,   5, 255],
       [255, 255, 255, 255, 255, 255, 255, 255, 255, 255, 255, 255, 255,
        255, 254,   1,   0,   0,   0, 109],
       [255, 255, 255, 255, 255, 255, 255, 255, 255, 255, 255, 255, 255,
        255, 255, 254,   0,   0,   0,   3],
       [255, 255, 255, 255, 255, 255, 255, 255, 255, 255, 255, 255, 255,
        255, 255, 253,   1,   0,   0,   4],
       [255, 255, 255, 255, 255, 255, 255, 255, 255, 255, 255, 255, 255,
        255, 255, 255,   4,   0,   0, 236],
       [255, 255, 255, 255, 255, 255, 255, 255, 255, 255, 255, 255, 255,
        255, 255, 255,   0,   0,   1, 254],
       [255, 255, 255, 255, 255, 255, 255, 255, 255, 255, 255, 255, 255,
        255, 255,   4,   0,   0, 252, 255],
       [139,   1,   1,   0, 232, 255, 255, 255, 255, 255, 255, 255, 255,
        253,   1,   0,  32, 255, 255, 255],
       [  5,   0,   0,   0,   0,   0,   3, 253, 255, 255, 255, 255,  16,
          0,  25, 255, 255, 255, 255, 255],
       [255,  53,   0,   3,   1,   0,   1,   1,   0,   2,   2,  82, 255,
        255, 255, 255, 255, 255, 255, 255]], dtype=uint8), array([0., 0., 0., 1.])]
['5', array([[255, 255, 255, 255, 255,   2,   0,   0,   0,   0,   0,   0,   0,
          0,   0,   0,   0,   0,   0,   2],
       [255, 255, 255, 255, 253,   0,   0,   0,   0,   0,   0,   0,   0,
          0,   0,   0,   0,   0,   1, 255],
       [255, 255, 255, 255,   2,   0,   0,   0,   0,   0,   0,   0,   0,
          0,   0,   0,   0,   0, 141, 254],
       [255, 255, 255, 158,   0,   1,   0,   0,   0,   0,   0,   0,   0,
          0,   0,   0,   0,   4, 255, 255],
       [255, 255, 255,   3,   1, 255, 255, 255, 255, 255, 255, 255, 255,
        255, 255, 255, 255, 255, 255, 255],
       [255, 255,  24,   2, 221, 255, 255, 255, 255, 255, 255, 255, 255,
        255, 255, 255, 255, 255, 255, 255],
       [255, 255,   0,   0,   0,   0,   0,   0,   0,   0,   0,   8, 254,
        250, 255, 255, 255, 255, 255, 255],
       [255,   0,   1,   0,   0,   0,   0,   0,   0,   0,   0,   0,   0,
          0,   5, 254, 255, 255, 255, 255],
       [255,   0,   0,   0,   0,   0,   0,   0,   0,   0,   0,   0,   0,
          0,   0,   0,   8, 253, 255, 255],
       [  3,   0,   0,   0,   0,   0,   0,   0,   0,   0,   0,   0,   0,
          0,   0,   0,   0,   1, 203, 255],
       [255, 255, 255, 255, 255, 255, 255, 255, 191,   6,   7,   0,   0,
          0,   0,   0,   0,   0,   0, 255],
       [255, 255, 255, 255, 255, 255, 255, 255, 255, 255, 255, 255,   6,
          1,   0,   0,   0,   0,   1,   2],
       [255, 255, 255, 255, 255, 255, 255, 255, 255, 255, 255, 255, 255,
        252,   2,   0,   0,   0,   0,   0],
       [255, 255, 255, 255, 255, 255, 255, 255, 255, 255, 255, 255, 255,
        255, 255,   2,   0,   0,   0,   0],
       [255, 255, 255, 255, 255, 255, 255, 255, 255, 255, 255, 255, 255,
        255, 255, 255,   0,   0,   0,   8],
       [255, 255, 255, 255, 255, 255, 255, 255, 255, 255, 255, 255, 255,
        255, 255, 255,   0,   0,   0, 255],
       [249,   0,   0,   0,   0, 254, 252, 255, 255, 255, 255, 255, 255,
        255, 255, 253,   0,   1, 254, 255],
       [  0,   0,   0,   0,   0,   0,   3, 197, 255, 255, 255, 255, 255,
        255, 255,   5,   8, 255, 255, 255],
       [ 92,   0,   0,   0,   0,   0,   0,   0,   0,   2, 104, 237,  75,
         25,   1, 243, 255, 255, 255, 255],
       [255, 255, 170,   0,   0,   0,   0,   0,   0,   0,   1,   4, 240,
        255, 255, 255, 255, 255, 255, 255]], dtype=uint8), array([0., 0., 0., 1.])]
